D001
D032
8003
70E6
B007
8000
7034
B00F
4000
4111
4222
4333
4444
4555
4666
4777
4888
4999
4AAA
4BBB
4CCC
4DDD
4DDD
4EEE
4FFF
8101
71E0
9101
7401
85FA
75FF
A514
7403
85F0
7500
A514
7402
85FF
75FF
A514
7400
8501
7500
A514
7402
77E7
8701
9707
8800
78F0
A847
D0C5
B00A
B10A
B20A
B30A
B40A
B50A
B60A
B70A
B80A
B90A
BA0A
BB0A
BC0A
BD0A
BE0A
BF0A
C00C
4000
4444
4555
4666
8401
74E4
9404
9404
8101
71E7
9141
C01B
8101
71E4
5101
9101
A104
C00D
BF09
BE09
BD09
BC09
BB09
BA09
B909
B809
B709
B609
B509
B409
B309
B209
B109
B009
C00E
4222
F011
B008
4222
5201
F00D
B008
4222
5202
F009
B008
4222
5203
F005
B008
B006
B006
B006
B006
B10A
B40A
B50A
B60A
4000
4111
4444
4555
4666
8101
71E0
9101
7401
85FA
75FF
A514
8501
7500
A501
8101
71E0
9101
9501
8500
8101
71F0
A501
F07F
8101
71EF
050E
A501
8101
71E0
9101
8500
7500
A501
8101
71E0
5101
9101
85FA
7500
A501
8101
71EF
9501
8505
8101
71E0
9101
A501
A001
8101
71E0
5101
9101
85FA
75FF
A501
8101
71E0
9101
8501
7500
A501
8101
71F0
9201
F082
8101
71F1
AE01
8101
71E0
5101
9101
85FA
75FF
A501
8101
71E0
9101
8501
7500
A501
8101
71E0
9101
9501
8608
7600
2156
1661
E41C
8602
7600
2156
1661
E401
D3E4
8101
71F2
9501
8100
71FB
1151
E40D
5501
8101
71F2
A501
8101
71F7
9121
A001
B609
B509
B409
B109
B008
4555
D3F2
F091
D3E2
4000
8103
7197
8203
72C9
9220
0321
7400
8401
5400
E411
4444
0510
0610
5601
9750
9860
1287
E005
5501
5601
1263
E7F2
D3F7
A760
A850
7401
D3F7
B006
B40A
B50A
B60A
B70A
BC0A
BD0A
4EEE
5E01
8400
74FB
8501
75F2
9505
8600
7606
8700
7780
1645
E005
E404
4666
5606
5500
D002
4555
D000
E40C
BEEB
BE0E
BE4C
BE0D
2D7E
E404
BE6B
BE0E
BE4C
BE0D
B772
D3F3
BD09
BC09
B709
B609
B509
B409
B008
B30A
B40A
B50A
B60A
BD0A
8301
73EF
9303
8400
74FB
8500
7580
8601
76F2
9606
4EEE
0202
E410
5E01
5600
D000
E40E
BEEB
BE0E
BE4C
BE0D
2D52
E404
BE6B
BE0E
BE4C
BE0D
B552
D3F3
5E01
D000
BD09
B609
B509
B409
B309
B008
B10A
B50A
B60A
4000
4111
4555
4666
8101
71E0
5101
9101
85FA
75FF
A501
8101
71E0
9101
8505
7500
8601
7600
A510
A610
B609
B509
B109
B008
B10A
B40A
B50A
B60A
4000
4111
4444
4555
4666
8101
71E0
5101
9101
85FA
75FF
A501
8101
71E0
9101
8501
7500
A501
9501
8101
71F3
9121
8401
74F7
9424
8601
76F1
9606
4565
8600
767F
2556
8601
76FB
9626
0606
E401
D00C
A514
8601
76FB
9526
5501
A526
8401
74F7
9524
5501
A524
D010
B550
B550
B550
B550
B550
B550
B550
B550
9614
8600
4556
A514
8601
76FB
A026
D000
FF9E
B609
B509
B409
B109
B008
0000
0000
0000
0000
0000
0000
0000
0000
0000
0000
0000
8000
8001
8002
8003
80F0
80F1
80F2
0068
006B
006F
0073
0077
0078
0079
007A
0000
0000
0000
0000
0200
0266
02CC
0332
01FF
0265
02CB
0331
0264
02CA
0330
0396
0000
0000
0000
0000
0000
0000
0000
0000
0000
0000
0000
0000
0000
0000
0000
0000
0000
0000
0000
0000
0000
0000
0000
0000
0000
0000
0000
0000
0000
0000
0000
0000
0000
0000
0000
0000
0000
0000
0000
0000
0000
0000
0000
0000
0000
0000
0000
0000
0000
0000
0000
0000
0000
0000
0000
0000
0000
0000
0000
0000
0000
0000
0000
0000
0000
0000
0000
0000
0000
0000
0000
0000
0000
0000
0000
0000
0000
0000
0000
0000
0000
0000
0000
0000
0000
0000
0000
0000
0000
0000
0000
0000
0000
0000
0000
0000
0000
0000
0000
0000
0000
0001
0000
0000
0000
0000
0000
0000
0000
0000
0000
0000
0000
0000
0000
0000
0000
0000
0000
0000
0000
0000
0000
0000
0000
0000
0000
0000
0000
0000
0000
0000
0000
0000
0000
0000
0000
0000
0000
0000
0000
0000
0000
0000
0000
0000
0000
0000
0000
0000
0000
0000
0000
0000
0000
0000
0000
0000
0000
0000
0000
0000
0000
0000
0000
0000
0000
0000
0000
0000
0000
0000
0000
0000
0000
0000
0000
0000
0000
0000
0000
0000
0000
0000
0000
0000
0000
0000
0000
0000
0000
0000
0000
0000
0000
0000
0000
0000
0000
0000
0000
0000
0000
0001
0000
0000
0000
0000
0000
0000
0000
0000
0000
0000
0000
0000
0000
0000
0000
0000
0000
0000
0000
0000
0000
0000
0000
0000
0000
0000
0000
0000
0000
0000
0000
0000
0000
0000
0000
0000
0000
0000
0000
0000
0000
0000
0000
0000
0000
0000
0000
0000
0000
0000
0000
0000
0000
0000
0000
0000
0000
0000
0000
0000
0000
0000
0000
0000
0000
0000
0000
0000
0000
0000
0000
0000
0000
0000
0000
0000
0000
0000
0000
0000
0000
0000
0000
0000
0000
0000
0000
0000
0000
0000
0000
0000
0000
0000
0000
0000
0000
0000
0000
0000
0000
0001
0000
0000
0000
0000
0000
0000
0000
0000
0000
0000
0000
0000
0000
0000
0000
0000
0000
0000
0000
0000
0000
0000
0000
0000
0000
0000
0000
0000
0000
0000
0000
0000
0000
0000
0000
0000
0000
0000
0000
0000
0000
0000
0000
0000
0000
0000
0000
0000
0000
0000
0000
0000
0000
0000
0000
0000
0000
0000
0000
0000
0000
0000
0000
0000
0000
0000
0000
0000
0000
0000
0000
0000
0000
0000
0000
0000
0000
0000
0000
0000
0000
0000
0000
0000
0000
0000
0000
0000
0000
0000
0000
0000
0000
0000
0000
0000
0000
0000
0000
0000
0000
0001
0050
0049
0048
0047
0046
0045
0044
0043
0042
0041
0040
0039
0038
0037
0036
0035
0034
0033
0032
0031
0030
0029
0028
0027
0026
0025
0024
0023
0022
0021
0020
0019
0018
0017
0016
0015
0014
0013
0012
0011
0010
0009
0008
0007
0006
0005
0004
0003
0002
0001
0032
0000
0000
0000
0000
0000
0000
0000
0000
0000
0000
0000
0000
0000
0000
0000
0000
0000
0000
0000
0000
0000
0000
0000
0000
0000
0000
0000
0000
0000
